1100
823
548
279
283
11
1088
562
1107
31
1345
516
1130
38
513
1126
43
1124
775
299
63
779
891
1303
893
623
869
334
333
1287
1047
848
381
585
833
838
353
367
120
687
1222
681
128
1228
940
1478
394
154
700
1233
397
158
695
932
929
151
655
173
1249
918
438
642
1270
1268
426
428
417
179
418
657
1153
204
479
1018
197
196
195
763
222
1408
458
457
1006
1412
1417
984
1458
228
1467
226
224
970
492
495
973
735
249
724
726
