1100
1101
2
1102
3
4
5
9
1093
11
14
15
17
1117
1116
18
1112
1115
1111
29
1104
1107
31
1106
30
35
32
33
1131
1129
43
40
1120
44
51
1148
54
1141
56
63
1138
60
68
1033
71
1036
66
1025
1027
1028
72
73
1029
75
84
87
1051
1050
1052
93
92
1043
89
88
91
1067
101
99
1068
1069
1057
106
105
119
118
117
112
1084
126
125
1072
136
138
1222
141
1217
1219
1229
1228
1230
135
152
154
156
144
1245
146
1246
1247
151
171
1254
168
174
173
162
1259
164
1270
187
190
191
188
179
176
1277
1274
1275
1272
1152
1155
201
200
1161
1164
1166
1169
222
216
1173
219
212
213
214
215
1179
1180
209
1181
1183
239
1187
1185
236
1184
235
232
231
1195
1194
226
224
1196
1203
246
1211
243
275
273
279
283
1367
1366
1364
286
1362
285
284
1360
263
265
1346
1344
1345
304
307
306
1406
1403
310
1396
1399
1398
317
1392
1394
1388
1389
290
291
292
1386
295
296
1381
1383
301
1378
1307
343
1306
336
1296
1303
347
344
325
320
332
333
1286
331
1337
373
1336
372
1338
1341
1343
371
370
381
380
383
382
1333
377
1335
379
1320
356
1321
1322
352
353
364
365
367
1316
361
362
410
409
414
415
400
406
404
405
1479
394
1475
399
1472
1487
385
384
390
1481
389
1480
440
442
447
432
433
437
424
429
417
416
419
418
423
478
1427
1424
477
475
472
473
1434
471
466
1439
1410
461
1415
456
1417
1423
449
448
508
1459
1460
506
501
503
1469
498
1440
489
1444
491
490
486
480
547
545
558
556
554
567
566
564
563
562
575
569
568
518
513
514
524
520
534
530
541
614
615
612
625
630
628
637
636
577
580
581
582
583
585
594
599
607
606
681
674
693
652
646
668
669
670
664
661
662
747
746
749
737
736
760
755
752
756
715
706
708
710
730
734
720
722
725
727
823
829
831
825
806
807
800
802
808
809
811
786
784
794
793
773
769
779
776
880
887
886
888
893
892
895
864
866
872
875
879
850
849
848
855
854
858
857
862
842
846
844
845
959
954
950
944
940
942
936
932
929
931
922
918
919
914
915
912
910
908
906
905
904
903
902
901
900
1020
1009
1010
1012
1013
1001
992
997
996
970
975
974
961
960
966
