551
1102
546
1097
1098
545
559
1094
565
1119
1118
1114
25
1109
27
26
1110
571
519
1125
1150
49
59
1140
62
61
611
64
65
1038
613
1039
1024
618
76
619
616
78
622
1030
620
627
631
1054
634
633
90
103
578
1064
1065
579
1070
1071
1058
111
109
588
1061
1082
592
116
115
596
114
113
127
1075
600
1074
124
1221
139
685
143
131
675
1227
672
702
701
698
157
699
159
690
149
1242
170
169
644
1262
186
1269
665
1264
189
178
660
1278
180
744
206
1154
750
1159
748
1158
1160
199
1165
741
761
765
1178
757
1186
716
234
1198
225
1197
728
255
1200
731
732
1207
1204
1212
1374
1372
817
819
277
276
282
830
824
827
826
801
1355
266
812
264
815
271
810
268
788
308
798
316
792
774
288
772
768
782
302
303
1379
342
340
882
1298
1297
890
346
1290
1289
868
1294
1295
870
1293
874
1284
851
852
856
863
1332
834
835
357
359
354
1312
843
1318
1319
953
412
948
402
945
947
943
937
1474
935
926
927
923
445
436
425
907
430
899
898
420
1017
476
1019
474
1428
468
1432
1433
1438
1409
1005
1004
1414
995
453
994
999
1456
985
991
978
979
982
983
1470
493
1441
1443
494
968
1442
1449
963
1448
965
1455
