1100
1101
2
1102
3
4
545
9
1093
556
11
554
14
1117
1116
564
18
563
1112
575
1104
569
30
32
1131
514
524
520
44
51
1148
54
541
1141
63
1138
68
1033
614
615
66
1025
1027
72
75
625
1051
1050
630
1052
93
89
91
637
636
577
1067
101
580
99
581
582
1068
583
585
1057
106
594
1084
1072
607
136
1222
1217
681
1229
1230
152
156
144
1247
693
151
171
173
646
1259
668
669
670
190
664
191
188
661
662
176
1277
1275
1272
746
1152
1155
200
749
737
736
760
222
213
755
752
1179
1181
1183
239
1187
1185
236
231
1195
706
1196
1203
734
720
246
722
725
243
727
275
823
829
1367
831
825
286
1362
285
806
807
800
802
808
809
811
1406
786
310
784
1398
794
793
1394
290
1386
769
1383
779
776
1307
343
1306
887
886
336
888
1296
892
895
344
864
866
325
320
875
850
372
849
848
1338
854
1343
371
370
380
383
382
377
862
379
1335
356
1322
353
842
364
365
367
846
361
362
410
409
959
414
415
400
950
406
944
404
405
940
399
1475
1472
1487
932
384
929
390
1481
931
389
1480
440
442
922
447
433
437
915
910
908
429
904
417
903
416
902
901
418
900
478
1427
1020
475
471
1009
1010
1013
1001
461
456
997
1423
996
448
1460
506
501
1469
498
1440
970
489
975
974
1444
490
961
486
480
966
