1100
1101
2
4
1093
9
556
11
567
1117
1116
563
1112
1115
575
1104
1107
569
31
1106
32
1131
514
44
51
1148
54
1141
1138
68
1033
71
615
612
66
1027
1051
625
630
91
1067
577
581
1068
1069
583
585
1057
105
117
594
112
1084
126
606
1222
681
1219
1229
1230
1245
1247
171
1254
174
162
670
190
191
662
1275
1272
746
1155
200
749
222
760
216
213
752
215
1179
1180
1181
756
1184
231
1195
1196
710
1203
734
246
722
725
727
275
823
279
829
1367
831
1364
802
808
809
1344
811
307
786
310
794
793
1383
779
776
343
887
336
1296
892
895
864
866
872
332
875
331
879
1337
850
1336
372
849
848
855
854
370
382
1333
862
1335
379
1322
353
842
365
367
362
410
959
954
950
940
1475
399
1487
385
384
929
390
1481
389
442
447
914
437
915
910
424
908
904
903
417
416
901
900
418
478
477
1020
475
472
473
1009
471
1010
1013
461
456
1417
997
1423
996
448
1459
506
498
970
489
974
1444
490
961
960
480
