1100
1101
3
5
547
545
558
9
1093
556
11
554
15
17
1117
1116
566
18
563
562
1112
1115
29
1104
569
1107
1106
518
32
33
1129
524
520
1120
44
534
1148
530
1141
63
1138
60
1033
71
615
66
612
1027
73
1029
87
625
1051
1050
630
628
93
92
1043
89
88
636
1067
577
580
581
582
583
585
1057
105
118
117
594
1084
112
126
125
1072
606
136
138
681
1219
1229
1228
156
1245
1246
693
1247
174
173
1270
669
670
664
191
188
179
661
176
662
1274
1275
1272
746
1152
1155
200
749
737
736
1166
222
216
1173
755
213
214
752
1180
1181
715
1185
1184
231
1195
706
226
710
224
1196
1203
720
246
722
725
727
823
829
1367
1366
831
825
285
1360
807
802
265
808
809
1344
811
304
306
786
310
784
1396
1399
1398
794
1392
793
773
292
1386
295
296
1381
1383
776
1378
343
887
886
336
1296
347
892
320
875
1286
373
1337
372
850
849
848
1338
855
1341
854
1343
371
370
381
380
858
383
382
377
379
1320
1322
352
353
364
365
362
845
410
959
414
954
944
1479
940
399
1475
936
1487
385
384
390
389
1481
442
447
914
437
915
912
910
908
429
905
903
416
902
419
901
418
478
1020
475
472
1434
471
466
1013
461
456
992
997
1423
996
449
448
1459
1460
506
1469
498
1440
489
974
491
490
961
480
