820
274
1373
1096
1371
816
818
1365
553
258
1359
19
264
270
1132
1133
1401
525
1393
319
532
1391
294
58
540
57
543
542
1376
1139
1379
610
69
1308
1302
74
1291
1288
82
1283
335
1042
329
102
853
1331
1330
1334
593
595
1080
836
1220
680
955
679
676
1225
1239
696
692
1483
1482
688
388
1255
924
1252
925
175
1251
446
161
1260
1257
439
1271
1266
1265
1276
1426
745
1425
1008
1162
1167
463
1171
1002
217
1413
993
1419
1416
753
1422
998
712
990
717
989
705
500
704
1193
229
711
729
969
252
251
1210
485
721
244
967
1213
