1102
1372
817
1097
277
1098
282
559
1094
830
1119
1355
1109
812
266
571
519
798
1125
792
1150
49
768
782
1140
61
303
342
340
882
1038
618
1298
619
78
616
622
346
1030
627
868
1295
870
1293
1054
634
633
874
851
579
111
1332
1061
834
835
1082
359
115
596
114
354
1312
1075
600
124
1319
1221
953
402
945
672
943
698
937
157
699
927
169
923
1262
644
436
1269
665
1264
430
189
660
420
898
1017
1154
744
1019
474
750
1159
748
1158
468
1409
1004
1178
995
999
1456
978
979
983
1198
1470
1197
728
1200
494
1442
731
732
1204
963
1448
1455
