1372
817
1097
1098
545
282
559
1094
830
824
1119
1118
1355
1114
266
1109
812
264
26
1110
815
788
519
798
1125
792
774
288
1150
49
768
1140
61
1379
342
340
882
64
613
1024
1297
616
346
627
631
1295
870
1054
634
874
633
90
103
578
579
1070
852
588
1332
834
835
592
359
596
354
1075
1312
843
600
124
1318
139
953
412
402
675
945
672
702
698
1474
157
699
159
1242
926
927
923
1262
436
907
665
1264
189
430
178
660
898
180
1017
476
1019
1154
206
744
474
750
1159
1428
1158
748
1160
468
1432
1438
1165
741
1409
761
1005
1004
1414
999
757
1456
1186
985
234
991
979
983
1198
225
1470
1441
255
1443
494
731
1442
732
1207
1204
1449
1212
