1374
1102
546
817
1097
819
1098
277
545
276
559
1094
830
824
827
826
1119
801
1355
1114
1109
25
812
27
815
26
271
788
519
308
1125
316
792
288
774
1150
49
772
782
59
1140
62
611
342
65
1038
1039
76
619
1297
890
622
346
1290
1289
868
631
1284
578
1065
852
1058
111
863
588
1332
1061
834
357
592
116
115
596
113
1075
127
1312
843
1074
1318
1221
685
412
948
131
675
945
1227
947
702
701
157
699
159
935
927
445
436
425
1269
907
665
1264
430
189
1278
899
898
1017
476
206
1154
1159
468
199
1432
1165
741
761
1005
1414
765
995
994
999
985
991
978
979
983
1197
1200
494
731
1442
732
1204
1448
1455
