546
1097
277
819
276
545
559
1094
830
827
826
1355
801
1109
25
815
810
788
308
1125
316
792
774
1150
59
782
1140
302
342
1038
613
618
619
78
622
620
1030
627
1289
868
631
1294
1054
874
1284
90
103
1064
578
1065
109
856
1332
834
592
357
596
1318
139
685
953
143
412
402
675
945
1227
702
698
699
159
690
926
170
445
1262
186
425
665
1264
660
899
898
420
1017
1154
206
468
1432
1433
1165
741
1409
761
1414
453
999
234
991
716
978
982
983
493
1443
968
732
1204
1212
