2
3
4
5
9
11
12
14
15
17
16
19
18
20
22
25
27
26
29
31
30
35
32
33
38
42
43
40
44
45
51
49
48
54
53
52
59
58
57
56
63
62
61
60
68
69
70
71
64
65
66
76
78
72
73
74
75
84
87
82
93
92
89
88
91
90
102
103
100
101
99
97
111
109
106
104
105
119
118
117
116
115
114
113
112
127
126
125
124
123
120
136
139
138
141
143
129
128
131
135
152
154
155
156
157
158
159
144
145
146
147
149
150
151
171
170
169
168
175
174
173
162
161
166
164
186
187
184
185
190
191
188
189
178
179
176
177
180
181
204
207
206
201
200
202
197
196
199
193
195
194
221
222
223
216
217
219
212
213
214
215
209
211
239
236
235
234
232
231
229
228
227
226
225
224
255
252
253
251
249
246
244
245
243
240
241
275
274
273
279
277
276
283
282
281
286
285
284
258
259
256
263
266
264
265
270
271
268
304
307
306
309
308
310
315
314
317
316
319
318
288
290
291
292
293
294
295
296
299
301
302
303
343
342
341
340
337
336
350
349
347
346
344
327
325
323
320
334
335
332
333
331
328
329
373
372
369
371
370
381
380
383
382
377
379
356
357
358
359
352
353
354
355
364
365
367
360
361
362
363
410
409
414
415
412
413
402
403
400
406
404
405
394
399
397
385
384
390
389
388
440
441
442
443
445
446
447
432
433
436
437
438
439
425
424
426
429
428
430
417
416
419
418
421
420
423
422
478
479
476
477
474
475
472
473
471
468
466
463
461
460
458
457
456
454
453
449
448
508
505
506
500
501
503
496
497
498
493
492
495
494
489
488
491
490
485
486
481
480
551
548
546
547
545
558
559
556
554
552
553
567
566
565
564
563
562
575
573
571
569
568
516
518
519
512
513
514
524
525
520
532
534
529
528
530
541
540
543
542
537
536
610
611
614
615
612
613
618
619
616
622
623
620
627
625
624
631
630
629
628
634
633
637
636
577
578
579
580
581
582
583
585
587
588
593
592
595
594
596
599
600
607
606
687
685
682
681
680
679
677
676
675
674
672
702
703
700
701
698
699
696
697
695
692
693
690
688
653
652
655
654
648
645
644
646
642
668
669
670
664
665
660
661
662
657
658
747
746
745
744
750
749
748
737
736
741
763
760
761
767
764
765
755
752
753
758
759
756
757
712
715
717
716
718
705
704
706
708
711
710
728
729
730
731
732
734
735
720
721
722
724
725
726
727
820
823
822
817
816
819
818
829
831
830
825
824
827
826
806
807
800
801
802
803
812
815
808
809
810
811
790
788
786
784
798
794
793
792
774
775
772
773
768
769
782
779
776
880
882
887
886
888
891
890
893
892
895
894
864
865
866
868
869
870
872
874
875
877
879
851
850
849
848
855
854
853
852
858
857
856
863
862
861
834
835
833
838
836
842
843
840
846
844
845
956
959
953
954
955
948
950
944
945
947
940
943
942
937
936
939
932
935
929
928
931
926
927
924
925
922
923
921
918
919
914
915
912
910
909
908
907
906
905
904
903
902
901
900
899
898
897
1017
1018
1019
1020
1008
1009
1010
1011
1012
1013
1001
1003
1002
1005
1004
1006
993
992
995
994
997
996
999
998
984
985
990
991
989
978
979
982
983
981
970
969
968
975
974
973
963
961
960
967
966
965
1100
1101
1102
1096
1097
1098
1099
1093
1094
1088
1090
1091
1117
1116
1119
1118
1112
1115
1114
1109
1111
1110
1104
1107
1106
1132
1133
1130
1131
1129
1126
1124
1125
1122
1120
1150
1148
1142
1141
1140
1139
1138
1033
1036
1037
1038
1039
1024
1025
1027
1028
1029
1030
1031
1049
1051
1050
1052
1054
1043
1042
1045
1047
1067
1064
1065
1070
1071
1068
1069
1058
1056
1057
1060
1061
1082
1080
1084
1075
1074
1073
1072
1079
1076
1221
1220
1222
1217
1219
1218
1229
1228
1230
1225
1224
1227
1237
1239
1232
1233
1235
1245
1246
1247
1241
1242
1255
1254
1252
1251
1249
1262
1260
1259
1258
1257
1270
1271
1268
1269
1266
1264
1265
1278
1279
1276
1277
1274
1275
1272
1153
1152
1155
1154
1159
1158
1161
1160
1162
1165
1164
1167
1166
1169
1171
1172
1173
1174
1178
1179
1180
1181
1183
1187
1186
1185
1184
1191
1190
1189
1195
1194
1193
1198
1197
1196
1203
1200
1201
1207
1204
1210
1211
1208
1212
1213
1374
1373
1372
1371
1370
1367
1366
1365
1364
1362
1360
1358
1359
1357
1355
1350
1348
1346
1344
1345
1405
1406
1401
1403
1397
1396
1399
1398
1393
1392
1394
1388
1389
1391
1386
1387
1381
1382
1383
1376
1378
1379
1307
1306
1308
1298
1297
1296
1303
1302
1300
1290
1291
1288
1289
1294
1295
1292
1293
1282
1283
1286
1287
1284
1337
1336
1338
1341
1340
1343
1328
1331
1330
1333
1332
1335
1334
1320
1321
1322
1312
1314
1316
1317
1318
1319
1479
1478
1475
1474
1473
1472
1487
1486
1484
1483
1482
1481
1480
1426
1427
1424
1425
1430
1428
1434
1432
1433
1438
1439
1410
1409
1408
1415
1414
1413
1412
1419
1417
1416
1423
1422
1421
1456
1458
1459
1460
1467
1469
1470
1471
1441
1440
1443
1442
1445
1444
1449
1448
1453
1455
1454
