1100
2
1102
3
4
547
545
558
9
1093
556
11
554
14
15
17
567
1117
1116
564
18
562
1112
1115
575
29
1104
31
569
1107
1106
30
35
32
518
33
1131
514
524
40
44
1120
51
534
1148
54
541
1141
63
1138
60
68
1033
71
614
1036
615
66
612
1025
1027
73
1029
75
84
87
625
1051
1050
630
1052
628
93
92
1043
89
91
637
636
577
1067
580
99
581
582
1068
583
585
1057
106
105
119
118
117
594
112
1084
126
125
1072
606
136
1222
138
1217
141
1219
681
1229
1228
1230
674
135
154
144
1245
146
1247
693
151
171
1254
652
168
174
173
162
646
1270
668
187
669
670
190
191
188
661
176
662
1277
1275
1272
747
746
1152
1155
201
200
749
1161
222
760
216
1173
212
755
213
214
752
215
1179
1180
1181
1183
1187
239
715
1185
236
235
232
231
1195
1194
706
226
710
224
1196
1203
734
720
246
1211
722
725
243
727
275
273
823
279
1367
829
831
1364
825
1362
286
285
1360
284
806
807
800
263
802
265
1346
808
809
1344
1345
811
307
1406
306
786
1403
310
784
1396
1399
1398
317
1392
794
793
1394
1388
773
291
292
1386
295
769
296
1381
1383
779
1378
776
343
1307
887
336
886
1296
892
895
864
866
325
320
872
332
333
875
1286
331
879
373
1337
1336
372
850
849
1338
848
1341
855
854
371
1343
370
381
380
858
383
382
862
379
1335
356
1320
1322
352
353
364
842
365
367
846
1316
361
362
845
410
409
959
414
415
954
400
404
940
942
399
1475
936
1472
1487
385
384
929
390
389
1481
1480
440
442
922
447
432
919
433
914
437
915
912
424
910
908
429
906
417
903
416
902
419
901
418
900
478
1424
477
1020
475
472
473
471
1009
1010
466
1012
1439
1013
1410
461
1415
456
992
1417
1423
997
996
448
508
1459
1460
506
501
1469
498
1440
970
489
975
1444
974
490
961
486
480
966
