1100
1101
2
1102
3
4
5
545
558
9
1093
556
11
554
14
15
17
567
1117
566
1116
563
562
1112
1111
1104
31
569
1107
30
568
1106
513
1131
514
1129
524
43
40
1120
44
534
1148
54
530
541
1141
56
63
1138
60
68
1033
71
614
615
66
612
1025
1028
73
625
1051
630
1052
93
92
1043
89
91
636
577
1067
101
580
581
582
1068
1069
585
1057
106
105
118
594
599
112
1084
126
125
136
138
1222
1217
681
1228
1230
135
154
156
1245
146
1246
693
1247
151
1254
173
162
646
1259
164
668
1270
670
190
191
179
661
662
1275
1272
747
746
1155
201
200
749
1161
736
1164
1169
760
222
216
219
755
213
752
214
1179
1180
209
1181
239
1187
715
1185
236
1184
231
1195
706
708
710
224
1196
1203
730
734
720
246
1211
722
725
275
823
273
279
1367
283
831
1364
825
286
284
1360
800
265
808
809
1344
811
1345
304
307
1406
786
310
1396
1399
317
1392
794
793
1394
1388
1389
291
292
296
1381
1383
779
301
1378
776
343
880
887
336
886
1296
1303
347
893
892
895
344
864
866
320
333
875
1286
331
879
372
850
1336
849
848
1341
854
371
1343
370
381
380
858
857
382
862
379
1321
1322
352
353
364
842
365
367
361
362
844
410
409
959
414
415
954
400
950
404
405
1479
394
940
399
1475
1487
385
384
929
390
389
1480
440
442
922
447
918
433
914
437
915
912
424
910
908
429
906
905
417
903
416
902
419
901
418
900
423
478
1424
477
1020
475
472
1434
471
1009
1010
1012
1013
461
1415
456
992
1417
997
996
448
506
501
503
1469
498
1440
970
489
975
974
491
490
486
960
480
